0 0.4203125 0.92890625 0.128125 0.121875
0 0.60546875 0.8703125 0.0609375 0.0578125
0 0.17421875 0.58359375 0.1046875 0.14375
0 0.2578125 0.57265625 0.1 0.1515625
0 0.32265625 0.5078125 0.1265625 0.2203125
0 0.4078125 0.53203125 0.0796875 0.1203125
0 0.47421875 0.51875 0.0859375 0.1375
0 0.5359375 0.50546875 0.0875 0.134375
0 0.58515625 0.43828125 0.096875 0.221875
0 0.64609375 0.4765625 0.0671875 0.109375
0 0.69375 0.4625 0.0609375 0.1140625
0 0.734375 0.47265625 0.1171875 0.3078125
0 0.7921875 0.45546875 0.059375 0.1015625
0 0.83046875 0.44296875 0.053125 0.0875
0 0.86328125 0.4375 0.0546875 0.0921875
0 0.9015625 0.428125 0.0484375 0.0859375
0 0.9671875 0.41328125 0.05 0.0921875
1 0.30078125 0.16796875 0.6015625 0.3359375