0 0.67734375 0.14453125 0.0796875 0.1140625
0 0.69140625 0.2625 0.0671875 0.08125
0 0.703125 0.44609375 0.1 0.2546875
0 0.7078125 0.7046875 0.10625 0.2
0 0.6921875 0.90390625 0.065625 0.1703125
0 0.56796875 0.89765625 0.0390625 0.0484375
0 0.5703125 0.79375 0.028125 0.05625
0 0.5703125 0.3921875 0.03125 0.0375
0 0.53203125 0.24453125 0.1046875 0.1015625
0 0.5078125 0.015625 0.046875 0.03125
0 0.39140625 0.68515625 0.0546875 0.0609375
0 0.37734375 0.96796875 0.0453125 0.0453125
0 0.259375 0.646875 0.03125 0.059375
1 0.865625 0.4921875 0.25625 0.98125
1 0.37265625 0.3265625 0.2140625 0.625
1 0.47734375 0.83515625 0.1390625 0.2984375