0 0.53046875 0.25 0.1015625 0.1125
0 0.57265625 0.3859375 0.0296875 0.065625
0 0.68828125 0.13984375 0.0703125 0.1484375
0 0.68359375 0.24765625 0.0546875 0.0765625
0 0.7046875 0.44140625 0.103125 0.2828125
0 0.71015625 0.70703125 0.1015625 0.2046875
0 0.7 0.90234375 0.075 0.1734375
0 0.5671875 0.89140625 0.0375 0.0515625
0 0.56953125 0.78046875 0.0265625 0.0609375
0 0.37421875 0.9640625 0.0609375 0.059375
0 0.3984375 0.678125 0.053125 0.078125
0 0.25546875 0.6375 0.0359375 0.05625
1 0.86953125 0.4921875 0.2328125 0.96875
1 0.34296875 0.13671875 0.1546875 0.2421875
0 0.5140625 0.015625 0.05 0.03125
0 0.50390625 0.5546875 0.1765625 0.403125