0 0.15546875 0.4828125 0.071875 0.103125
0 0.228125 0.4265625 0.0640625 0.0828125
0 0.2734375 0.4453125 0.034375 0.059375
0 0.225 0.540625 0.034375 0.046875
0 0.2296875 0.6390625 0.0546875 0.059375
0 0.27578125 0.63984375 0.0203125 0.0390625
0 0.31796875 0.6515625 0.0421875 0.0578125
0 0.3171875 0.559375 0.0890625 0.0921875
0 0.2578125 0.540625 0.03125 0.046875
0 0.340625 0.4625 0.09375 0.0859375
0 0.46953125 0.484375 0.0578125 0.0578125
0 0.46015625 0.571875 0.046875 0.0484375
0 0.44921875 0.65546875 0.0546875 0.0671875
0 0.54140625 0.51328125 0.0625 0.0796875
0 0.5328125 0.59453125 0.059375 0.06875
0 0.5203125 0.67109375 0.05625 0.0515625
0 0.4234375 0.4109375 0.059375 0.059375
0 0.5328125 0.428125 0.078125 0.0859375
0 0.73359375 0.49609375 0.1078125 0.075
0 0.67265625 0.5359375 0.040625 0.040625
0 0.66796875 0.60078125 0.040625 0.0390625
0 0.75859375 0.628125 0.09375 0.2046875