0 0.753125 0.19375 0.103125 0.1296875
0 0.73984375 0.31171875 0.084375 0.09375
0 0.71015625 0.49296875 0.1546875 0.2703125
0 0.65625 0.74609375 0.1484375 0.21875
0 0.59609375 0.92265625 0.1015625 0.1546875
0 0.4765625 0.903125 0.0484375 0.05625
0 0.50234375 0.80234375 0.040625 0.0609375
0 0.59296875 0.4109375 0.0390625 0.04375
0 0.5890625 0.25859375 0.125 0.121875
0 0.61640625 0.0296875 0.053125 0.040625
0 0.35234375 0.65625 0.0671875 0.071875
0 0.275 0.928125 0.0546875 0.0546875
0 0.2328125 0.5890625 0.04375 0.065625
1 0.8109375 0.53359375 0.378125 0.9328125
1 0.41484375 0.315625 0.3484375 0.63125
1 0.40234375 0.82109375 0.203125 0.321875