0 0.025 0.7625 0.05 0.15
0 0.06328125 0.534375 0.1265625 0.109375
0 0.08359375 0.1625 0.14375 0.171875
0 0.2625 0.32265625 0.0859375 0.0625
0 0.3484375 0.19765625 0.128125 0.0734375
0 0.53125 0.2203125 0.1296875 0.109375
0 0.6109375 0.2671875 0.0265625 0.053125
0 0.50546875 0.33359375 0.046875 0.084375
0 0.5859375 0.34140625 0.1078125 0.0921875
0 0.70078125 0.3453125 0.1203125 0.071875
0 0.70078125 0.47109375 0.121875 0.1640625
0 0.50625 0.465625 0.04375 0.0765625
0 0.5796875 0.5328125 0.090625 0.05625
0 0.790625 0.38125 0.0265625 0.040625
0 0.9171875 0.37890625 0.0734375 0.053125
1 0.34140625 0.09375 0.6609375 0.1875