0 0.490625 0.2484375 0.1171875 0.1265625
0 0.55390625 0.37578125 0.0390625 0.06875
0 0.6296875 0.11484375 0.0921875 0.1578125
0 0.6421875 0.221875 0.065625 0.084375
0 0.69296875 0.41015625 0.146875 0.2953125
0 0.73984375 0.671875 0.1328125 0.21875
0 0.76015625 0.86640625 0.1015625 0.1828125
0 0.62734375 0.87578125 0.0453125 0.05625
0 0.6125 0.76640625 0.0359375 0.0640625
0 0.4484375 0.971875 0.06875 0.05625
0 0.42734375 0.6921875 0.0640625 0.0859375
0 0.2796875 0.67421875 0.04375 0.0609375
1 0.83671875 0.465625 0.3265625 0.93125
1 0.28828125 0.165625 0.190625 0.2640625
0 0.43828125 0.01953125 0.0546875 0.0390625
0 0.5125 0.553125 0.2375 0.4265625