0 0.4109375 0.37421875 0.040625 0.0890625
0 0.503125 0.37109375 0.059375 0.0890625
0 0.57109375 0.39140625 0.05625 0.0828125
0 0.65234375 0.3890625 0.0453125 0.078125
0 0.5484375 0.25625 0.0609375 0.103125
0 0.62890625 0.26953125 0.0609375 0.0921875
0 0.70625 0.22734375 0.071875 0.103125
0 0.58671875 0.1125 0.1765625 0.1609375
0 0.36640625 0.17109375 0.090625 0.096875
1 0.459375 0.17734375 0.115625 0.1734375
1 0.2421875 0.15 0.16875 0.2515625
1 0.5015625 0.053125 0.415625 0.10625
0 0.584375 0.64140625 0.153125 0.096875