0 0.6828125 0.19609375 0.275 0.2921875
0 0.2 0.15546875 0.04375 0.0421875
0 0.1375 0.23515625 0.034375 0.0296875
0 0.2625 0.2640625 0.0328125 0.0296875
0 0.315625 0.32890625 0.0578125 0.1234375
0 0.74140625 0.75390625 0.5171875 0.3140625
0 0.3796875 0.92421875 0.2875 0.0859375
1 0.71328125 0.5359375 0.5109375 0.2484375
1 0.71875 0.0640625 0.321875 0.128125
1 0.26640625 0.09453125 0.30625 0.10625
1 0.3640625 0.25 0.178125 0.38125
0 0.1390625 0.31875 0.0328125 0.0265625
0 0.228125 0.35234375 0.053125 0.0953125