0 0.39609375 0.38671875 0.0515625 0.090625
0 0.4875 0.371875 0.06875 0.0921875
0 0.55703125 0.38359375 0.0640625 0.0859375
0 0.6375 0.371875 0.053125 0.0796875
0 0.51875 0.25234375 0.071875 0.10625
0 0.59921875 0.25546875 0.0703125 0.0953125
0 0.67109375 0.20390625 0.08125 0.1078125
0 0.5390625 0.1046875 0.1890625 0.1765625
0 0.32734375 0.18984375 0.0984375 0.103125
1 0.4203125 0.18515625 0.1328125 0.18125
1 0.2015625 0.18359375 0.19375 0.2625
1 0.44609375 0.06640625 0.4140625 0.1328125
0 0.60078125 0.6296875 0.159375 0.1125