0 0.68828125 0.19921875 0.2703125 0.2890625
0 0.20625 0.15078125 0.04375 0.0421875
0 0.1421875 0.22890625 0.034375 0.028125
0 0.26640625 0.26015625 0.0328125 0.0296875
0 0.31875 0.32578125 0.05625 0.1234375
0 0.740625 0.7578125 0.51875 0.30625
0 0.37265625 0.921875 0.2875 0.08125
1 0.7125 0.53984375 0.509375 0.2390625
1 0.72734375 0.06484375 0.3203125 0.1296875
1 0.2734375 0.08984375 0.30625 0.1015625
1 0.36796875 0.24765625 0.171875 0.3796875
0 0.1421875 0.3125 0.0328125 0.025
0 0.23125 0.34765625 0.0515625 0.0953125