0 0.6453125 0.13046875 0.0890625 0.1203125
0 0.6703125 0.246875 0.0734375 0.0875
0 0.69765625 0.42890625 0.121875 0.2625
0 0.725 0.6859375 0.1234375 0.2078125
0 0.7265625 0.8859375 0.0796875 0.175
0 0.60234375 0.88984375 0.04375 0.0515625
0 0.5953125 0.78671875 0.0328125 0.0578125
0 0.5609375 0.38671875 0.034375 0.040625
0 0.509375 0.24296875 0.1125 0.1109375
0 0.465625 0.0171875 0.05 0.034375
0 0.4078125 0.69375 0.059375 0.065625
0 0.41796875 0.97578125 0.0484375 0.0484375
0 0.2734375 0.6671875 0.0359375 0.0625
1 0.84609375 0.4796875 0.3078125 0.959375
1 0.3578125 0.33828125 0.2671875 0.640625
1 0.50703125 0.8359375 0.1640625 0.309375