0 0.0109375 0.66484375 0.021875 0.1578125
0 0.06796875 0.4515625 0.1359375 0.13125
0 0.1546875 0.09296875 0.171875 0.1859375
0 0.30078125 0.28046875 0.0953125 0.0765625
0 0.409375 0.17421875 0.1390625 0.0953125
0 0.58359375 0.23125 0.146875 0.13125
0 0.65390625 0.2921875 0.0359375 0.05625
0 0.5375 0.3375 0.0609375 0.090625
0 0.61484375 0.36015625 0.121875 0.1109375
0 0.7265625 0.38671875 0.13125 0.0921875
0 0.703125 0.51015625 0.1484375 0.18125
0 0.5125 0.4671875 0.05625 0.0828125
0 0.571875 0.546875 0.0984375 0.071875
0 0.8078125 0.4390625 0.0328125 0.04375
0 0.9328125 0.46015625 0.08125 0.065625
1 0.4234375 0.11171875 0.678125 0.2234375