0 0.09453125 0.86953125 0.0890625 0.1515625
0 0.07265625 0.62734375 0.1328125 0.134375
0 0.0265625 0.2453125 0.053125 0.11875
0 0.0765625 0.30234375 0.0328125 0.0453125
0 0.22109375 0.3765625 0.0828125 0.059375
0 0.30234375 0.234375 0.1 0.078125
0 0.4640625 0.21953125 0.1125 0.096875
0 0.553125 0.25078125 0.04375 0.05625
0 0.46484375 0.33671875 0.0625 0.0765625
0 0.54453125 0.31328125 0.1171875 0.0734375
0 0.49296875 0.465625 0.0515625 0.0671875
0 0.665625 0.309375 0.1359375 0.0875
0 0.5828125 0.51875 0.096875 0.0546875
0 0.68359375 0.459375 0.1484375 0.1171875
0 0.88046875 0.2890625 0.075 0.0640625
0 0.75234375 0.31640625 0.0390625 0.046875
0 0.7640625 0.278125 0.0546875 0.040625