0 0.55625 0.2546875 0.1125 0.121875
0 0.584375 0.39453125 0.0359375 0.06875
0 0.725 0.16171875 0.0859375 0.1546875
0 0.70859375 0.26796875 0.0625 0.08125
0 0.709375 0.46328125 0.1328125 0.2921875
0 0.6875 0.728125 0.121875 0.2140625
0 0.65703125 0.915625 0.0921875 0.16875
0 0.52578125 0.89609375 0.0421875 0.0546875
0 0.53984375 0.7859375 0.0328125 0.0640625
0 0.3265625 0.9484375 0.0671875 0.065625
0 0.38046875 0.66640625 0.0609375 0.0828125
0 0.2421875 0.6109375 0.0421875 0.059375
1 0.85078125 0.51796875 0.2984375 0.9640625
1 0.38203125 0.125 0.1796875 0.25
0 0.56484375 0.01953125 0.053125 0.0359375
0 0.4984375 0.5546875 0.2171875 0.41875