0 0.278125 0.87578125 0.11875 0.1125
0 0.47265625 0.88359375 0.05625 0.053125
0 0.165625 0.46796875 0.09375 0.1375
0 0.24765625 0.48515625 0.0875 0.146875
0 0.33046875 0.446875 0.10625 0.215625
0 0.40234375 0.4984375 0.06875 0.1171875
0 0.46875 0.50859375 0.075 0.134375
0 0.53203125 0.5171875 0.075 0.1296875
0 0.60078125 0.47109375 0.0765625 0.2203125
0 0.6453125 0.528125 0.0578125 0.10625
0 0.69453125 0.53125 0.05 0.1109375
0 0.7296875 0.55390625 0.0875 0.3078125
0 0.78984375 0.55859375 0.05 0.1
0 0.83046875 0.559375 0.0453125 0.084375
0 0.8625 0.565625 0.046875 0.0890625
0 0.90234375 0.56953125 0.040625 0.084375
0 0.96875 0.578125 0.0421875 0.090625
1 0.384375 0.11953125 0.690625 0.2390625