0 0.42890625 0.36328125 0.0296875 0.0859375
0 0.52109375 0.37265625 0.0484375 0.0828125
0 0.58515625 0.40234375 0.0453125 0.0765625
0 0.66640625 0.41171875 0.0359375 0.0734375
0 0.58203125 0.265625 0.0484375 0.096875
0 0.659375 0.28984375 0.05 0.0859375
0 0.7421875 0.25859375 0.059375 0.0953125
0 0.63984375 0.128125 0.1578125 0.140625
0 0.41328125 0.15546875 0.0796875 0.0859375
1 0.5046875 0.175 0.09375 0.1625
1 0.29375 0.1171875 0.1375 0.234375
1 0.56640625 0.04296875 0.4078125 0.0796875
0 0.5640625 0.6515625 0.14375 0.078125