0 0.084375 0.56171875 0.05 0.1015625
0 0.13671875 0.63984375 0.0296875 0.0375
0 0.209375 0.61640625 0.0546875 0.0484375
0 0.2734375 0.67265625 0.0296875 0.0359375
0 0.34609375 0.67890625 0.06875 0.0890625
0 0.48984375 0.690625 0.15625 0.084375
0 0.63984375 0.715625 0.121875 0.1078125
0 0.74296875 0.70625 0.0328125 0.05
0 0.7890625 0.725 0.01875 0.0359375
1 0.15859375 0.4265625 0.1671875 0.2359375
1 0.3578125 0.4046875 0.29375 0.4421875
1 0.66875 0.3921875 0.4265625 0.565625
1 0.82265625 0.6265625 0.21875 0.2359375