0 0.11015625 0.3546875 0.0734375 0.046875
0 0.16640625 0.53984375 0.0453125 0.10625
0 0.284375 0.63671875 0.1 0.059375
0 0.35078125 0.75546875 0.096875 0.075
0 0.7609375 0.80703125 0.4390625 0.1109375
0 0.36953125 0.55546875 0.090625 0.1078125
0 0.52890625 0.63828125 0.1375 0.0703125
0 0.6109375 0.55 0.084375 0.153125
0 0.778125 0.540625 0.16875 0.121875
0 0.88203125 0.3796875 0.2359375 0.328125
0 0.70859375 0.35546875 0.10625 0.109375
0 0.45703125 0.3390625 0.1640625 0.103125
0 0.30078125 0.35390625 0.103125 0.065625