0 0.1796875 0.29765625 0.0984375 0.109375
0 0.3328125 0.353125 0.075 0.0578125
0 0.4328125 0.36796875 0.071875 0.053125
0 0.2734375 0.2796875 0.021875 0.0203125
0 0.5453125 0.44453125 0.05625 0.0546875
0 0.675 0.45 0.0828125 0.075
0 0.146875 0.68046875 0.0671875 0.115625
0 0.22265625 0.71875 0.1140625 0.1140625
0 0.30859375 0.7921875 0.11875 0.1296875
0 0.6015625 0.75 0.0890625 0.1359375
0 0.75078125 0.80234375 0.203125 0.1796875
0 0.878125 0.8609375 0.090625 0.1015625
1 0.375 0.1578125 0.390625 0.315625
1 0.76484375 0.2375 0.4703125 0.44375
1 0.765625 0.6328125 0.1515625 0.1453125
1 0.86328125 0.63046875 0.075 0.1078125
1 0.88203125 0.7921875 0.046875 0.0453125
1 0.575 0.5984375 0.1515625 0.16875
1 0.1375 0.5828125 0.084375 0.1328125
1 0.25703125 0.6109375 0.10625 0.08125
1 0.315625 0.715625 0.0671875 0.040625
1 0.0296875 0.5234375 0.059375 0.171875