0 0.13359375 0.70625 0.0578125 0.103125
0 0.2109375 0.7609375 0.0328125 0.0390625
0 0.2703125 0.7125 0.0578125 0.053125
0 0.35078125 0.7421875 0.03125 0.0375
0 0.4203125 0.721875 0.075 0.0921875
0 0.55859375 0.68125 0.159375 0.0953125
0 0.7078125 0.65078125 0.128125 0.115625
0 0.80078125 0.60546875 0.0359375 0.0515625
0 0.85078125 0.60625 0.021875 0.0359375
1 0.1546875 0.55390625 0.1828125 0.24375
1 0.3328125 0.46171875 0.325 0.45625
1 0.61875 0.33828125 0.465625 0.5875
1 0.846875 0.50234375 0.2328125 0.2484375