0 0.46171875 0.40703125 0.2734375 0.3359375
0 0.2703125 0.5875 0.1609375 0.2375
0 0.37734375 0.81171875 0.4140625 0.171875
0 0.659375 0.3796875 0.103125 0.1109375
0 0.67265625 0.5765625 0.0421875 0.05625
0 0.70859375 0.75390625 0.2421875 0.3109375
0 0.584375 0.70546875 0.065625 0.059375
0 0.446875 0.69609375 0.078125 0.065625
0 0.509375 0.7375 0.0265625 0.025
0 0.11171875 0.7890625 0.0375 0.0359375
1 0.78125 0.32265625 0.4375 0.5859375
1 0.3078125 0.3828125 0.146875 0.1859375
1 0.86640625 0.75390625 0.146875 0.2203125