0 0.209375 0.19375 0.1390625 0.1421875
0 0.325 0.19296875 0.09375 0.05625
0 0.3078125 0.1125 0.046875 0.0578125
0 0.4046875 0.18671875 0.078125 0.065625
0 0.5 0.1890625 0.046875 0.0515625
0 0.4421875 0.27734375 0.115625 0.0546875
0 0.64609375 0.3453125 0.1515625 0.1234375
0 0.6953125 0.46015625 0.08125 0.06875
0 0.80703125 0.46953125 0.1109375 0.1046875
0 0.753125 0.5484375 0.0453125 0.0453125
0 0.8296875 0.58203125 0.0734375 0.0953125
0 0.92890625 0.4796875 0.0453125 0.06875
0 0.9015625 0.753125 0.065625 0.15625
0 0.66328125 0.59453125 0.06875 0.08125
0 0.65703125 0.68046875 0.071875 0.096875
0 0.675 0.74296875 0.046875 0.046875
0 0.521875 0.7453125 0.0625 0.075
0 0.50390625 0.4859375 0.178125 0.125
0 0.23046875 0.52265625 0.0828125 0.078125
0 0.06796875 0.56171875 0.0703125 0.096875
0 0.15234375 0.73125 0.0765625 0.0796875
0 0.43828125 0.86953125 0.0453125 0.0453125
0 0.40078125 0.9546875 0.0296875 0.028125
1 0.7625 0.1546875 0.415625 0.2296875
1 0.86953125 0.3421875 0.221875 0.128125
1 0.5671875 0.921875 0.15 0.10625
1 0.31484375 0.39140625 0.1359375 0.146875
1 0.35 0.28359375 0.071875 0.0671875
1 0.440625 0.09296875 0.10625 0.1296875
1 0.13828125 0.0671875 0.13125 0.0828125
1 0.29453125 0.66875 0.115625 0.134375
1 0.14609375 0.565625 0.0578125 0.1765625