0 0.20625 0.70390625 0.321875 0.3578125
0 0.09609375 0.47421875 0.1921875 0.2140625
0 0.22578125 0.4328125 0.0828125 0.1046875
0 0.39609375 0.403125 0.08125 0.084375
0 0.48046875 0.36171875 0.1171875 0.1453125
0 0.58828125 0.378125 0.0734375 0.096875
0 0.65234375 0.36640625 0.0765625 0.0921875
0 0.7328125 0.37734375 0.0984375 0.1078125
0 0.81171875 0.36328125 0.065625 0.090625
0 0.86953125 0.35703125 0.04375 0.0640625
0 0.91328125 0.3609375 0.028125 0.0390625
1 0.6703125 0.2515625 0.0765625 0.14375
1 0.74921875 0.28203125 0.0625 0.096875
1 0.4203125 0.24921875 0.1203125 0.1703125
1 0.58828125 0.24921875 0.1125 0.1375