0 0.1546875 0.34375 0.0859375 0.1
0 0.3140625 0.378125 0.06875 0.0484375
0 0.41484375 0.37890625 0.0671875 0.04375
0 0.2453125 0.31328125 0.01875 0.0171875
0 0.5375 0.4390625 0.05 0.0484375
0 0.665625 0.42578125 0.075 0.065625
0 0.17578125 0.728125 0.0515625 0.1109375
0 0.25546875 0.7546875 0.1015625 0.1015625
0 0.3515625 0.81640625 0.1046875 0.1171875
0 0.6359375 0.73359375 0.0734375 0.128125
0 0.78984375 0.7640625 0.184375 0.1578125
0 0.925 0.8046875 0.0796875 0.0921875
1 0.32421875 0.15703125 0.3515625 0.3140625
1 0.75 0.20078125 0.475 0.384375
1 0.78125 0.59453125 0.1359375 0.1296875
1 0.878125 0.57890625 0.0609375 0.1015625
1 0.91875 0.7359375 0.0421875 0.040625
1 0.5875 0.58671875 0.1328125 0.153125
1 0.15234375 0.6328125 0.06875 0.125
1 0.27421875 0.64375 0.0984375 0.06875
1 0.34765625 0.7390625 0.0640625 0.03125
1 0.02890625 0.58984375 0.0578125 0.1671875