0 0.2375 0.1703125 0.1515625 0.153125
0 0.35234375 0.1796875 0.096875 0.065625
0 0.3421875 0.096875 0.0515625 0.0609375
0 0.43203125 0.18046875 0.0828125 0.0734375
0 0.52734375 0.190625 0.053125 0.05625
0 0.46171875 0.27421875 0.11875 0.0640625
0 0.65859375 0.35859375 0.1640625 0.1359375
0 0.69765625 0.47734375 0.0859375 0.075
0 0.809375 0.49609375 0.121875 0.1140625
0 0.746875 0.56796875 0.05 0.0484375
0 0.82265625 0.6109375 0.08125 0.1
0 0.92890625 0.515625 0.0515625 0.075
0 0.878125 0.78828125 0.078125 0.1625
0 0.6546875 0.6078125 0.075 0.0890625
0 0.640625 0.6921875 0.0796875 0.103125
0 0.65390625 0.7578125 0.0484375 0.0484375
0 0.5 0.746875 0.06875 0.08125
0 0.50703125 0.4875 0.1890625 0.140625
0 0.22890625 0.49921875 0.090625 0.084375
0 0.06484375 0.525 0.0765625 0.103125
0 0.134375 0.69921875 0.084375 0.0875
0 0.40625 0.86328125 0.05 0.05
0 0.36171875 0.9453125 0.034375 0.0328125
1 0.7875 0.1796875 0.425 0.265625
1 0.88203125 0.37578125 0.2328125 0.1453125
1 0.53046875 0.92578125 0.159375 0.11875
1 0.3265625 0.3765625 0.146875 0.159375
1 0.36953125 0.27109375 0.0765625 0.071875
1 0.47578125 0.08984375 0.11875 0.140625
1 0.1765625 0.04296875 0.1375 0.0859375
1 0.28046875 0.65234375 0.1265625 0.14375
1 0.14140625 0.53515625 0.075 0.18125