0 0.121875 0.3390625 0.20625 0.18125
0 0.28984375 0.3578125 0.1296875 0.096875
0 0.4515625 0.38046875 0.1078125 0.0859375
0 0.5484375 0.36015625 0.096875 0.1421875
0 0.62421875 0.421875 0.06875 0.084375
0 0.68828125 0.428125 0.0875 0.09375
0 0.76328125 0.45859375 0.1 0.09375
0 0.8328125 0.4890625 0.075 0.075
0 0.89609375 0.4953125 0.0515625 0.0703125
0 0.165625 0.59765625 0.3109375 0.3703125
1 0.5328125 0.1921875 0.1453125 0.1890625
1 0.6859375 0.27578125 0.1640625 0.225
1 0.796875 0.36640625 0.09375 0.121875