0 0.3125 0.7046875 0.040625 0.04375
0 0.31015625 0.7734375 0.05 0.0421875
0 0.37734375 0.70546875 0.0390625 0.0578125
0 0.39296875 0.78203125 0.040625 0.059375
0 0.44375 0.70703125 0.0515625 0.0875
0 0.52890625 0.703125 0.03125 0.0390625
0 0.60546875 0.73984375 0.0390625 0.1078125
1 0.1765625 0.35078125 0.353125 0.6578125
1 0.475 0.18515625 0.215625 0.296875
1 0.5859375 0.43359375 0.2421875 0.334375
1 0.7796875 0.1765625 0.2296875 0.328125
1 0.86796875 0.37421875 0.2421875 0.3109375
1 0.9453125 0.62578125 0.0984375 0.1375