0 0.0984375 0.4140625 0.18125 0.15
0 0.26640625 0.40078125 0.1171875 0.0765625
0 0.4296875 0.3921875 0.096875 0.06875
0 0.52109375 0.353125 0.0734375 0.13125
0 0.60703125 0.4 0.0546875 0.075
0 0.67109375 0.39375 0.0734375 0.08125
0 0.75078125 0.409375 0.0859375 0.078125
0 0.82421875 0.42578125 0.0640625 0.0640625
0 0.8875 0.41953125 0.040625 0.0640625
0 0.190625 0.659375 0.253125 0.328125
1 0.4734375 0.19140625 0.115625 0.1703125
1 0.63984375 0.24453125 0.1265625 0.2046875
1 0.765625 0.3125 0.075 0.109375