0 0.00703125 0.42421875 0.0140625 0.0453125
0 0.109375 0.40546875 0.021875 0.025
0 0.15546875 0.40859375 0.0375 0.03125
0 0.20703125 0.4015625 0.03125 0.0359375
0 0.253125 0.3890625 0.0234375 0.0359375
0 0.31015625 0.38515625 0.040625 0.0375
0 0.3625 0.3859375 0.0296875 0.0515625
0 0.41328125 0.37734375 0.0296875 0.05
0 0.48671875 0.3625 0.0640625 0.0578125
0 0.5375 0.35546875 0.0390625 0.0421875
0 0.6015625 0.35546875 0.05 0.0578125
0 0.6671875 0.35234375 0.0359375 0.0375
0 0.72421875 0.34453125 0.0359375 0.04375
0 0.77734375 0.33828125 0.0421875 0.0609375
0 0.84296875 0.3328125 0.0546875 0.0625
0 0.89765625 0.3328125 0.0296875 0.0375
0 0.96171875 0.325 0.03125 0.0453125
0 0.86875 0.45234375 0.09375 0.0671875
0 0.48125 0.54921875 0.1265625 0.1171875
0 0.17109375 0.534375 0.1953125 0.1765625
1 0.77265625 0.17578125 0.1640625 0.1890625