0 0.0484375 0.69921875 0.0375 0.0578125
0 0.10625 0.690625 0.04375 0.071875
0 0.23828125 0.7765625 0.1390625 0.28125
0 0.334375 0.69921875 0.08125 0.0578125
0 0.4296875 0.72890625 0.13125 0.2359375
0 0.54921875 0.68359375 0.0359375 0.0984375
0 0.58515625 0.709375 0.0265625 0.0625
0 0.6296875 0.684375 0.10625 0.253125
0 0.8453125 0.7078125 0.14375 0.1125
0 0.94140625 0.725 0.0671875 0.075
1 0.19609375 0.4671875 0.1640625 0.3
1 0.18125 0.14296875 0.16875 0.2484375
1 0.35546875 0.08359375 0.1203125 0.1296875
1 0.40546875 0.45703125 0.1421875 0.2828125
1 0.60859375 0.30078125 0.1265625 0.5265625
1 0.81328125 0.32421875 0.1828125 0.5828125
1 0.0453125 0.2109375 0.05625 0.165625
1 0.3890625 0.21171875 0.0625 0.0921875