0 0.07578125 0.753125 0.04375 0.0625
0 0.13203125 0.7375 0.0515625 0.0765625
0 0.27421875 0.80625 0.171875 0.296875
0 0.36015625 0.71796875 0.0875 0.0671875
0 0.4578125 0.7359375 0.159375 0.25
0 0.57109375 0.6765625 0.0484375 0.1015625
0 0.61015625 0.69765625 0.034375 0.065625
0 0.6515625 0.6671875 0.1359375 0.2640625
0 0.86796875 0.6640625 0.15625 0.1296875
0 0.96328125 0.66953125 0.0734375 0.0828125
1 0.19453125 0.5046875 0.2 0.3171875
1 0.13984375 0.184375 0.1984375 0.2671875
1 0.30546875 0.1046875 0.1359375 0.14375
1 0.40078125 0.46875 0.175 0.2984375
1 0.58359375 0.2890625 0.1890625 0.5375
1 0.7890625 0.29375 0.253125 0.5875
1 0.02578125 0.26875 0.0515625 0.171875
1 0.3546875 0.22734375 0.0734375 0.0984375