0 0.7984375 0.26328125 0.3234375 0.3953125
0 0.78984375 0.815625 0.246875 0.2390625
0 0.70390625 0.540625 0.065625 0.121875
0 0.9640625 0.53984375 0.05 0.0828125
0 0.6375 0.6328125 0.0609375 0.1265625
0 0.33046875 0.57890625 0.0453125 0.1515625
0 0.45859375 0.53984375 0.0875 0.0578125
0 0.5171875 0.5984375 0.053125 0.0953125
0 0.58203125 0.578125 0.0453125 0.09375
0 0.30390625 0.45234375 0.08125 0.084375
1 0.15234375 0.19140625 0.3046875 0.3421875
1 0.80234375 0.66484375 0.0921875 0.18125
1 0.3921875 0.8234375 0.0828125 0.134375
1 0.121875 0.521875 0.0859375 0.2546875
1 0.73203125 0.05703125 0.2578125 0.1140625