0 0.0453125 0.2828125 0.0296875 0.046875
0 0.15390625 0.2953125 0.025 0.0265625
0 0.19765625 0.3125 0.0390625 0.034375
0 0.2484375 0.31953125 0.034375 0.0375
0 0.296875 0.321875 0.0265625 0.0375
0 0.35234375 0.334375 0.04375 0.040625
0 0.4015625 0.35 0.034375 0.053125
0 0.453125 0.35703125 0.0328125 0.0515625
0 0.528125 0.36484375 0.06875 0.0625
0 0.578125 0.37265625 0.0421875 0.0453125
0 0.63984375 0.3921875 0.0546875 0.0609375
0 0.703125 0.4078125 0.0390625 0.040625
0 0.759375 0.41640625 0.0390625 0.0453125
0 0.8125 0.4265625 0.046875 0.0640625
0 0.8765625 0.440625 0.0578125 0.065625
0 0.9296875 0.45625 0.0328125 0.0390625
0 0.9875 0.4671875 0.025 0.046875
0 0.86640625 0.5625 0.096875 0.0734375
0 0.46796875 0.54140625 0.134375 0.1265625
0 0.17578125 0.43671875 0.20625 0.190625
1 0.85546875 0.26953125 0.178125 0.2