0 0.1046875 0.84296875 0.175 0.1671875
0 0.13125 0.6703125 0.05625 0.04375
0 0.2796875 0.79921875 0.11875 0.1796875
0 0.3734375 0.7625 0.040625 0.05625
0 0.48125 0.57421875 0.275 0.3328125
0 0.5421875 0.75859375 0.034375 0.0328125
0 0.528125 0.37734375 0.034375 0.0703125
0 0.5921875 0.34765625 0.046875 0.0609375
0 0.76640625 0.61484375 0.0671875 0.0671875
0 0.8328125 0.628125 0.021875 0.03125
0 0.884375 0.6234375 0.028125 0.053125
0 0.7171875 0.78046875 0.075 0.0703125
0 0.91484375 0.72421875 0.1703125 0.0953125
0 0.915625 0.88359375 0.040625 0.0703125
1 0.653125 0.08828125 0.28125 0.1453125
1 0.89609375 0.13125 0.1859375 0.1
1 0.49296875 0.34921875 0.0703125 0.1921875