0 0.2046875 0.19921875 0.1375 0.1390625
0 0.31953125 0.196875 0.0921875 0.05625
0 0.30078125 0.115625 0.0453125 0.05625
0 0.39921875 0.1890625 0.0765625 0.065625
0 0.49453125 0.18984375 0.0484375 0.0515625
0 0.43828125 0.2796875 0.1140625 0.053125
0 0.64296875 0.34296875 0.1515625 0.1203125
0 0.69453125 0.45703125 0.0796875 0.0671875
0 0.80703125 0.4640625 0.1109375 0.103125
0 0.75234375 0.5421875 0.0453125 0.04375
0 0.8328125 0.5765625 0.071875 0.09375
0 0.928125 0.47109375 0.04375 0.0703125
0 0.90625 0.746875 0.0625 0.15625
0 0.66484375 0.59140625 0.0671875 0.0828125
0 0.66015625 0.6765625 0.0703125 0.096875
0 0.6796875 0.740625 0.04375 0.04375
0 0.52578125 0.7453125 0.0609375 0.075
0 0.50546875 0.48671875 0.1765625 0.1234375
0 0.23046875 0.52734375 0.0828125 0.0765625
0 0.06953125 0.5703125 0.0671875 0.096875
0 0.15703125 0.73671875 0.0765625 0.0796875
0 0.44453125 0.87109375 0.0453125 0.0453125
0 0.409375 0.95703125 0.03125 0.0296875
1 0.75703125 0.15078125 0.4140625 0.2234375
1 0.8671875 0.33671875 0.221875 0.1234375
1 0.575 0.9203125 0.15 0.103125
1 0.31484375 0.3953125 0.1328125 0.146875
1 0.34609375 0.2859375 0.0703125 0.065625
1 0.4328125 0.09453125 0.10625 0.1296875
1 0.13046875 0.07421875 0.1296875 0.0828125
1 0.29765625 0.67421875 0.1140625 0.1328125
1 0.146875 0.57265625 0.05625 0.1765625