0 0.14140625 0.2890625 0.0796875 0.059375
0 0.1640625 0.48125 0.0625 0.1109375
0 0.2640625 0.596875 0.10625 0.075
0 0.30859375 0.72578125 0.1078125 0.0890625
0 0.70390625 0.84765625 0.44375 0.184375
0 0.36171875 0.53203125 0.10625 0.1203125
0 0.50390625 0.64140625 0.1453125 0.0921875
0 0.60078125 0.56796875 0.1078125 0.1640625
0 0.76640625 0.58828125 0.184375 0.1484375
0 0.87734375 0.4484375 0.2453125 0.359375
0 0.73046875 0.39375 0.121875 0.125
0 0.48515625 0.33359375 0.1765625 0.128125
0 0.3296875 0.321875 0.1109375 0.08125