0 0.09765625 0.51328125 0.1953125 0.1890625
0 0.24921875 0.46015625 0.1328125 0.103125
0 0.40546875 0.4125 0.1109375 0.090625
0 0.48515625 0.35234375 0.103125 0.1453125
0 0.5796875 0.37734375 0.071875 0.0859375
0 0.640625 0.35546875 0.090625 0.096875
0 0.72109375 0.3515625 0.1015625 0.096875
0 0.796875 0.34921875 0.078125 0.078125
0 0.85625 0.328125 0.0546875 0.071875
0 0.23828125 0.7296875 0.325 0.3796875
1 0.39921875 0.20703125 0.153125 0.19375
1 0.57421875 0.21796875 0.171875 0.2296875
1 0.7125 0.25390625 0.1 0.125