0 0.07890625 0.68984375 0.0703125 0.0515625
0 0.246875 0.71640625 0.159375 0.1234375
0 0.3890625 0.771875 0.084375 0.06875
0 0.5109375 0.81171875 0.075 0.0703125
0 0.5890625 0.853125 0.05625 0.084375
0 0.65 0.9265625 0.059375 0.071875
0 0.44140625 0.94375 0.0359375 0.025
1 0.4765625 0.5984375 0.221875 0.3
1 0.67265625 0.775 0.1328125 0.075
1 0.81953125 0.81640625 0.1078125 0.1140625
1 0.22734375 0.3203125 0.3703125 0.60625
1 0.52890625 0.12890625 0.1578125 0.2359375
1 0.80234375 0.1515625 0.2890625 0.246875