0 0.10546875 0.73984375 0.0765625 0.059375
0 0.275 0.7453125 0.1734375 0.1421875
0 0.42265625 0.78359375 0.0921875 0.078125
0 0.54921875 0.8078125 0.0828125 0.0796875
0 0.63125 0.83984375 0.065625 0.090625
0 0.70078125 0.90546875 0.0671875 0.078125
0 0.49609375 0.94765625 0.0390625 0.0296875
1 0.4890625 0.60078125 0.25625 0.325
1 0.7046875 0.7515625 0.140625 0.090625
1 0.85546875 0.775 0.1203125 0.1265625
1 0.2140625 0.3546875 0.428125 0.646875
1 0.48359375 0.128125 0.1859375 0.253125
1 0.75703125 0.128125 0.3171875 0.25625