0 0.0453125 0.58203125 0.08125 0.0671875
0 0.20234375 0.6484375 0.184375 0.1578125
0 0.3265625 0.73671875 0.0984375 0.0875
0 0.43515625 0.80546875 0.0890625 0.0859375
0 0.50078125 0.8640625 0.075 0.0953125
0 0.5421875 0.95 0.075 0.084375
0 0.3359375 0.91640625 0.040625 0.0328125
1 0.453125 0.58984375 0.2875 0.3453125
1 0.60078125 0.80859375 0.146875 0.1046875
1 0.73359375 0.884375 0.1328125 0.1375
1 0.278125 0.29921875 0.50625 0.5984375
1 0.61796875 0.146875 0.2109375 0.2671875
1 0.853125 0.234375 0.29375 0.309375