0 0.26640625 0.1484375 0.159375 0.1625
0 0.38046875 0.1671875 0.1015625 0.071875
0 0.378125 0.084375 0.0546875 0.0640625
0 0.4609375 0.175 0.0875 0.078125
0 0.55390625 0.19375 0.0546875 0.0578125
0 0.48203125 0.2703125 0.121875 0.0734375
0 0.67109375 0.3734375 0.1703125 0.146875
0 0.69921875 0.4953125 0.090625 0.08125
0 0.8078125 0.5234375 0.1265625 0.121875
0 0.740625 0.59140625 0.053125 0.0515625
0 0.8109375 0.63828125 0.0890625 0.10625
0 0.92578125 0.55390625 0.05625 0.0765625
0 0.8515625 0.81875 0.090625 0.1640625
0 0.64453125 0.62109375 0.08125 0.090625
0 0.6234375 0.7046875 0.0875 0.10625
0 0.6296875 0.76953125 0.053125 0.053125
0 0.47890625 0.7453125 0.0734375 0.084375
0 0.50625 0.48671875 0.196875 0.153125
0 0.23125 0.47578125 0.09375 0.090625
0 0.06328125 0.4859375 0.0859375 0.10625
0 0.1171875 0.6671875 0.0890625 0.090625
0 0.375 0.853125 0.053125 0.0515625
0 0.3234375 0.93046875 0.034375 0.0328125
1 0.796875 0.2046875 0.40625 0.296875
1 0.88515625 0.40859375 0.2296875 0.1640625
1 0.49296875 0.9265625 0.165625 0.1296875
1 0.33671875 0.3609375 0.1578125 0.16875
1 0.38984375 0.26015625 0.08125 0.078125
1 0.5125 0.08828125 0.1265625 0.1453125
1 0.21796875 0.03125 0.1421875 0.0625
1 0.26875 0.63125 0.1375 0.1515625
1 0.140625 0.503125 0.0875 0.1828125