0 0.1765625 0.90625 0.203125 0.1875
0 0.1703125 0.7375 0.0640625 0.053125
0 0.340625 0.8359375 0.1515625 0.1984375
0 0.42578125 0.78203125 0.05 0.0625
0 0.49609375 0.5765625 0.3328125 0.3796875
0 0.590625 0.74609375 0.040625 0.0390625
0 0.50390625 0.37421875 0.046875 0.075
0 0.56171875 0.3328125 0.0578125 0.06875
0 0.78359375 0.56171875 0.078125 0.078125
0 0.85078125 0.5625 0.028125 0.034375
0 0.90078125 0.54765625 0.0375 0.0578125
0 0.76640625 0.73359375 0.0875 0.0828125
0 0.928125 0.63984375 0.14375 0.1265625
0 0.97734375 0.79609375 0.0453125 0.0765625
1 0.571875 0.08203125 0.303125 0.1640625
1 0.81796875 0.06484375 0.2015625 0.1296875
1 0.4640625 0.353125 0.10625 0.2015625