0 0.1859375 0.67265625 0.29375 0.334375
0 0.09453125 0.43125 0.1890625 0.196875
0 0.234375 0.40390625 0.0734375 0.0984375
0 0.40703125 0.39296875 0.075 0.078125
0 0.49453125 0.36015625 0.10625 0.1359375
0 0.6 0.38828125 0.065625 0.0921875
0 0.665625 0.3828125 0.06875 0.0875
0 0.74453125 0.40234375 0.0890625 0.1015625
0 0.82421875 0.396875 0.0578125 0.0859375
0 0.8828125 0.39609375 0.0390625 0.0609375
0 0.92578125 0.40546875 0.025 0.0375
1 0.6953125 0.27109375 0.0625 0.1390625
1 0.77109375 0.309375 0.0546875 0.0921875
1 0.446875 0.2421875 0.10625 0.1625
1 0.6140625 0.259375 0.1 0.1296875