0 0.02890625 0.85625 0.0484375 0.028125
0 0.0921875 0.82734375 0.028125 0.0328125
0 0.19375 0.8015625 0.05625 0.05
0 0.27734375 0.77265625 0.0484375 0.0359375
0 0.3625 0.79453125 0.05625 0.0453125
0 0.45 0.81015625 0.065625 0.0421875
0 0.59375 0.9375 0.2125 0.04375
0 0.75234375 0.90078125 0.0765625 0.0484375
0 0.97265625 0.74296875 0.0484375 0.0328125
0 0.72265625 0.76328125 0.0265625 0.0140625
1 0.5875 0.41953125 0.3125 0.2140625
1 0.36015625 0.70078125 0.1859375 0.1296875
1 0.35625 0.46015625 0.11875 0.2171875
1 0.0984375 0.4546875 0.084375 0.090625