0 0.175 0.65 0.271875 0.315625
0 0.096875 0.403125 0.184375 0.184375
0 0.24140625 0.3859375 0.0671875 0.09375
0 0.41484375 0.38671875 0.0703125 0.0734375
0 0.5046875 0.36015625 0.096875 0.1296875
0 0.6078125 0.3953125 0.059375 0.0875
0 0.6734375 0.39453125 0.0625 0.0828125
0 0.75078125 0.41953125 0.0828125 0.0953125
0 0.83046875 0.41953125 0.0515625 0.0828125
0 0.8890625 0.4234375 0.034375 0.059375
0 0.93125 0.43515625 0.021875 0.0359375
1 0.7109375 0.28515625 0.053125 0.1359375
1 0.78359375 0.32890625 0.0484375 0.0890625
1 0.46484375 0.2390625 0.0953125 0.15625
1 0.63046875 0.26796875 0.0921875 0.1234375