0 0.04140625 0.87265625 0.05 0.0296875
0 0.10390625 0.84140625 0.0296875 0.034375
0 0.2046875 0.81171875 0.0578125 0.0515625
0 0.28671875 0.78046875 0.05 0.0375
0 0.37265625 0.79921875 0.0578125 0.046875
0 0.4609375 0.81171875 0.0671875 0.04375
0 0.60859375 0.93359375 0.2140625 0.0515625
0 0.76640625 0.89140625 0.078125 0.0515625
0 0.97734375 0.7265625 0.0453125 0.034375
0 0.73203125 0.75546875 0.0265625 0.015625
1 0.584375 0.41640625 0.3203125 0.225
1 0.3671875 0.70546875 0.190625 0.1359375
1 0.3546875 0.46484375 0.1265625 0.221875
1 0.096875 0.46875 0.0875 0.09375