0 0.43359375 0.425 0.2515625 0.321875
0 0.31171875 0.6578125 0.14375 0.2296875
0 0.48515625 0.834375 0.4125 0.1375
0 0.61171875 0.334375 0.0953125 0.1046875
0 0.68828125 0.51640625 0.0390625 0.053125
0 0.7796875 0.671875 0.221875 0.2984375
0 0.64609375 0.6671875 0.0625 0.0546875
0 0.5140625 0.703125 0.075 0.0609375
0 0.5859375 0.721875 0.025 0.0234375
0 0.22734375 0.89921875 0.0359375 0.0328125
1 0.740625 0.25390625 0.46875 0.5078125
1 0.2796875 0.4515625 0.134375 0.178125
1 0.92890625 0.6203125 0.1296875 0.2140625