0 0.26328125 0.6453125 0.046875 0.05
0 0.2421875 0.7109375 0.05625 0.0484375
0 0.325 0.66328125 0.0484375 0.0625
0 0.31953125 0.74140625 0.05 0.0640625
0 0.38828125 0.68359375 0.065625 0.09375
0 0.47109375 0.703125 0.0375 0.04375
0 0.53515625 0.76015625 0.05625 0.1109375
1 0.22890625 0.3078125 0.4578125 0.615625
1 0.5625 0.190625 0.2609375 0.325
1 0.60078125 0.46015625 0.2921875 0.365625
1 0.8578125 0.265625 0.2796875 0.3578125
1 0.871875 0.4796875 0.25625 0.34375
1 0.89375 0.74375 0.1203125 0.15