0 0.09453125 0.78203125 0.0484375 0.0640625
0 0.15 0.7625 0.05625 0.078125
0 0.29609375 0.82109375 0.190625 0.303125
0 0.37578125 0.72734375 0.090625 0.071875
0 0.475 0.73828125 0.1734375 0.25625
0 0.58359375 0.67109375 0.0546875 0.103125
0 0.6234375 0.6890625 0.0375 0.0671875
0 0.6625 0.65625 0.153125 0.26875
0 0.87890625 0.63828125 0.1625 0.1375
0 0.96796875 0.63671875 0.0640625 0.0859375
1 0.1953125 0.52578125 0.21875 0.3265625
1 0.11875 0.21015625 0.2125 0.2765625
1 0.27890625 0.11875 0.1421875 0.15
1 0.39921875 0.47578125 0.19375 0.3046875
1 0.56875 0.28359375 0.225 0.540625
1 0.7734375 0.28515625 0.290625 0.5703125
1 0.02109375 0.30234375 0.0421875 0.1734375
1 0.3359375 0.23828125 0.0796875 0.103125