0 0.10546875 0.93984375 0.053125 0.0375
0 0.1625 0.89921875 0.034375 0.0375
0 0.25703125 0.8546875 0.0640625 0.059375
0 0.33359375 0.81015625 0.0546875 0.04375
0 0.42109375 0.815625 0.0640625 0.0546875
0 0.51015625 0.8140625 0.071875 0.0546875
0 0.67578125 0.91171875 0.2171875 0.0828125
0 0.82421875 0.8453125 0.084375 0.0625
0 0.99140625 0.64765625 0.0171875 0.0421875
0 0.76875 0.715625 0.028125 0.01875
1 0.5703125 0.4046875 0.346875 0.2703125
1 0.40078125 0.7234375 0.2078125 0.1625
1 0.3515625 0.48828125 0.1578125 0.2359375
1 0.096875 0.53203125 0.1 0.1046875