0 0.175 0.23203125 0.1515625 0.153125
0 0.2890625 0.2171875 0.096875 0.065625
0 0.26171875 0.13828125 0.0515625 0.0609375
0 0.3671875 0.2015625 0.0828125 0.0734375
0 0.4625 0.1921875 0.053125 0.05625
0 0.415625 0.2875 0.11875 0.0640625
0 0.62578125 0.32890625 0.1640625 0.1359375
0 0.6890625 0.43671875 0.0859375 0.075
0 0.8015625 0.43203125 0.121875 0.1140625
0 0.75546875 0.515625 0.05 0.0484375
0 0.8390625 0.54140625 0.08125 0.1
0 0.92265625 0.4265625 0.0515625 0.075
0 0.9296875 0.703125 0.078125 0.1625
0 0.6734375 0.5734375 0.075 0.0890625
0 0.678125 0.65859375 0.0796875 0.103125
0 0.70390625 0.7203125 0.0484375 0.0484375
0 0.5515625 0.74140625 0.06875 0.08125
0 0.50390625 0.4859375 0.1890625 0.140625
0 0.23515625 0.55546875 0.090625 0.084375
0 0.07890625 0.61484375 0.0765625 0.103125
0 0.18359375 0.77109375 0.084375 0.0875
0 0.48359375 0.875 0.05 0.05
0 0.4578125 0.9640625 0.034375 0.0328125
1 0.71875 0.12890625 0.434375 0.2578125
1 0.8484375 0.29921875 0.2328125 0.1453125
1 0.61875 0.91015625 0.159375 0.11875
1 0.3046875 0.415625 0.146875 0.159375
1 0.32421875 0.303125 0.0765625 0.071875
1 0.390625 0.10390625 0.11875 0.140625
1 0.08828125 0.11484375 0.1375 0.0953125
1 0.3171875 0.69453125 0.1265625 0.14375
1 0.15625 0.609375 0.075 0.18125