0 0.21171875 0.33203125 0.059375 0.1046875
0 0.36171875 0.21015625 0.0625 0.1046875
0 0.40625 0.16484375 0.0625 0.103125
0 0.53828125 0.16640625 0.1171875 0.1734375
0 0.49921875 0.2484375 0.05 0.0796875
0 0.47734375 0.3921875 0.06875 0.2109375
0 0.76015625 0.31015625 0.078125 0.1328125
0 0.7375 0.16875 0.0484375 0.0796875
0 0.875 0.19296875 0.065625 0.109375
0 0.890625 0.42734375 0.0453125 0.0984375
0 0.80078125 0.64375 0.0546875 0.1015625
0 0.53984375 0.8421875 0.0734375 0.1390625
0 0.25078125 0.63984375 0.0515625 0.09375