0 0.2234375 0.31328125 0.053125 0.1046875
0 0.38359375 0.2 0.05625 0.1046875
0 0.42890625 0.16015625 0.0578125 0.1015625
0 0.56328125 0.1703125 0.109375 0.16875
0 0.51640625 0.24921875 0.0453125 0.078125
0 0.48515625 0.38984375 0.0546875 0.2109375
0 0.77265625 0.32734375 0.06875 0.128125
0 0.7609375 0.1859375 0.0421875 0.0765625
0 0.896875 0.21953125 0.0578125 0.10625
0 0.8953125 0.45546875 0.0390625 0.0984375
0 0.7890625 0.66640625 0.0484375 0.0984375
0 0.515625 0.84609375 0.0640625 0.1359375
0 0.2421875 0.621875 0.0453125 0.0921875