0 0.2859375 0.24453125 0.0703125 0.109375
0 0.4703125 0.1796875 0.0734375 0.1109375
0 0.525 0.15390625 0.0734375 0.1078125
0 0.6515625 0.20078125 0.1359375 0.1828125
0 0.58515625 0.2640625 0.05625 0.084375
0 0.515625 0.38984375 0.0890625 0.2140625
0 0.809375 0.409375 0.0890625 0.1359375
0 0.8375 0.2703125 0.0546875 0.08125
0 0.95859375 0.33984375 0.075 0.1125
0 0.8921875 0.56640625 0.0546875 0.1015625
0 0.73203125 0.73984375 0.0640625 0.1046875
0 0.41953125 0.83671875 0.0859375 0.1421875
0 0.21875 0.5453125 0.059375 0.096875