0 0.29140625 0.23984375 0.0703125 0.1078125
0 0.475 0.1796875 0.0734375 0.109375
0 0.53203125 0.15390625 0.0734375 0.10625
0 0.65546875 0.20234375 0.134375 0.18125
0 0.5890625 0.26484375 0.0578125 0.0828125
0 0.5171875 0.390625 0.0921875 0.2125
0 0.8109375 0.415625 0.090625 0.1375
0 0.83984375 0.27578125 0.05625 0.0828125
0 0.96015625 0.34765625 0.0765625 0.1125
0 0.890625 0.57265625 0.05625 0.1015625
0 0.7296875 0.7421875 0.065625 0.1046875
0 0.4140625 0.83359375 0.0875 0.1421875
0 0.2171875 0.54140625 0.0609375 0.096875