0 0.0796875 0.37734375 0.034375 0.1078125
0 0.0609375 0.48515625 0.04375 0.1078125
0 0.04765625 0.61640625 0.0359375 0.1640625
0 0.2796875 0.628125 0.040625 0.153125
0 0.27421875 0.4828125 0.0265625 0.146875
0 0.27265625 0.27890625 0.0328125 0.0921875
0 0.43125 0.2140625 0.034375 0.115625
0 0.4515625 0.28515625 0.021875 0.0703125
0 0.465625 0.35703125 0.025 0.0828125
0 0.50703125 0.4671875 0.0390625 0.15
0 0.578125 0.6296875 0.053125 0.18125
0 0.89921875 0.64453125 0.0671875 0.1609375
0 0.7953125 0.49296875 0.04375 0.1140625
0 0.70625 0.33515625 0.03125 0.1390625
0 0.6171875 0.22421875 0.040625 0.0984375
0 0.78671875 0.2 0.0390625 0.09375
0 0.96953125 0.33515625 0.0359375 0.1609375