0 0.08203125 0.3703125 0.0359375 0.1078125
0 0.0609375 0.47734375 0.0453125 0.1078125
0 0.0453125 0.60859375 0.0390625 0.1640625
0 0.27734375 0.62421875 0.04375 0.153125
0 0.27421875 0.47890625 0.0296875 0.146875
0 0.2765625 0.275 0.034375 0.0921875
0 0.4359375 0.21328125 0.0359375 0.115625
0 0.45546875 0.284375 0.0234375 0.0703125
0 0.46796875 0.35625 0.0265625 0.0828125
0 0.5078125 0.4671875 0.0421875 0.15
0 0.57578125 0.63125 0.05625 0.1828125
0 0.896875 0.6515625 0.0703125 0.1625
0 0.7953125 0.4984375 0.0453125 0.1140625
0 0.709375 0.3390625 0.034375 0.1390625
0 0.621875 0.2265625 0.0421875 0.0984375
0 0.7921875 0.2046875 0.040625 0.09375
0 0.97265625 0.34375 0.0390625 0.1609375