0 0.065625 0.44453125 0.0515625 0.1125
0 0.0640625 0.55390625 0.059375 0.1140625
0 0.07109375 0.6859375 0.0609375 0.1671875
0 0.30234375 0.6609375 0.0640625 0.1578125
0 0.27421875 0.51796875 0.0484375 0.15
0 0.240625 0.3171875 0.046875 0.096875
0 0.3875 0.228125 0.0515625 0.1203125
0 0.41875 0.2953125 0.0328125 0.0734375
0 0.44375 0.3640625 0.0375 0.0859375
0 0.5015625 0.46640625 0.0625 0.1546875
0 0.59765625 0.615625 0.08125 0.1875
0 0.9171875 0.58046875 0.0921875 0.16875
0 0.790625 0.446875 0.0609375 0.11875
0 0.678125 0.3046875 0.053125 0.1421875
0 0.57265625 0.209375 0.05625 0.103125
0 0.7359375 0.15859375 0.053125 0.0984375
0 0.93828125 0.2640625 0.0609375 0.1640625